period: 29.79593374707595
r_avg: 406400.4854444243
r_min: 384400.0
r_max: 427555.8576474965
e: 0.053150497334341865
v_avg: 991.2370692362333
E_avg: -3.607133792580659e+28
L_avg: 2.9516769039999915e+34
